1 1
2 5
3 14
4 17
5 19
6 34
7 19
8 43
9 43
10 82
11 43
12 82
13 43
14 82
15 118
16 94
17 118
18 186
19 82
20 118
21 118
22 186
23 166
24 206
25 206
26 206
27 178
28 206
29 186
30 214
31 166
32 206
33 206
34 206
35 157
36 302
37 314
38 178
39 302
40 157
41 314
42 314
43 314
44 358
45 358
46 314
47 358
48 358
49 214
50 358
51 358
52 314
53 438
54 470
55 474
56 314
57 358
58 358
59 314
60 358
61 556
62 314
63 562
64 358
65 358
66 314
67 358
68 302
69 358
70 358
71 622
72 314
73 358
74 502
75 358
76 702
77 502
78 502
79 656
80 482
81 566
82 566
83 502
84 502
85 337
86 502
87 502
88 662
89 746
90 502
91 566
92 662
93 662
94 746
95 662
96 746
97 766
98 746
99 808
100 808
101 766
102 838
103 838
104 838
105 566
106 838
107 838
108 838
109 842
110 838
111 842
112 838
113 934
114 838
115 838
116 838
117 838
118 842
119 958
120 838
121 838
122 842
123 838
124 842
125 1030
126 838
127 1016
128 838
129 842
130 842
131 838
132 838
133 838
134 1074
135 842
136 842
137 842
138 746
139 842
140 842
141 842
142 842
143 842
144 842
145 746
146 842
147 766
148 842
149 758
150 842
151 842
152 766
153 746
154 842
155 842
156 842
157 842
158 842
159 683
160 842
161 842
162 842
163 842
164 842
165 683
166 1402
167 1336
168 1402
169 1346
170 1402
171 1426
172 1396
173 1398
174 1402
175 1402
176 1402
177 1402
178 1346
179 1402
180 1438
181 1494
182 1580
183 1502
184 1402
185 1502
186 1466
187 1586
188 1570
189 1562
190 1606
191 1402
192 1564
193 1402
194 1576
195 1606
196 1346
197 1622
198 1816
199 1734
200 1402
201 1622
202 1734
203 1402
204 1402
205 1734
206 1402
207 1402
208 1402
209 1816
210 1402
211 1688
212 1622
213 1706
214 1622
215 1346
216 1346
217 1402
218 1346
219 1346
220 1346
221 1402
222 1622
223 1622
224 1622
225 1402
226 1622
227 1402
228 1346
229 1622
230 1402
231 1402
232 1346
233 1346
234 1402
235 1706
236 1402
237 1402
238 1402
239 1402
240 1402
241 1402
242 1622
243 1402
244 1622
245 1402
246 1706
247 1402
248 1402
249 1402
250 1402
251 1402
252 1622
253 1402
254 1402
255 1402
256 1402
257 1402
258 1622
259 1622
260 1894
261 1346
262 1402
263 1346
264 1622
265 1402
266 1346
267 2042
268 1402
269 1402
270 1402
271 1346
272 1622
273 2234
274 1622
275 1622
276 1402
277 1346
278 1402
279 1622
280 2290
281 1402
282 2042
283 1346
284 1346
285 2630
286 1402
287 1402
288 2042
289 2042
290 2630
291 1622
292 2042
293 1622
294 2630
295 2374
296 2374
297 2630
298 2638
299 1346
300 2374
301 2374
302 2642
303 2374
304 2374
305 2042
306 2630
307 2638
308 2630
309 2630
310 2630
311 2630
312 2374
313 2630
314 2630
315 2630
316 2630
317 2630
318 2374
319 2630
320 2642
321 2042
322 2374
323 2042
324 2630
325 2630
326 2042
327 2042
328 2374
329 2042
330 2638
331 2638
332 2042
333 2638
334 2638
335 2642
336 2374
337 2638
338 2374
339 2374
340 2642
341 2042
342 2642
343 2638
344 2638
345 2642
346 2642
347 2042
348 2638
349 2638
350 2638
351 2638
352 2642
353 2042
354 2374
355 2642
356 2638
357 2638
358 2042
359 2374
360 2374
361 2042
362 2374
363 2638
364 2042
365 2638
366 2638
367 2374
368 2638
369 2638
370 2042
371 2042
372 2642
373 2374
374 2642
375 2638
376 2638
377 2642
378 2042
379 2638
380 2638
381 2638
382 2042
383 2638
384 2638
385 2642
386 2374
387 2642
388 2042
389 2638
390 2638
391 2042
392 2374
393 2042
394 2638
395 2042
396 2374
397 2638
398 2374
399 2638
400 2638
401 2374
402 2638
403 2374
404 2374
405 2638
406 2374
407 2638
408 2374
409 2042
410 2638
411 2374
412 2638
413 2638
414 2374
415 2042
416 2374
417 2638
418 2642
419 2638
420 2642
421 2042
422 2638
423 2374
424 2642
425 2374
426 2638
427 2042
428 2642
429 2642
430 2518
431 2638
432 2642
433 2638
434 2042
435 2642
436 2374
437 2374
438 2638
439 2374
440 2374
441 2638
442 2374
443 2042
444 2374
445 2638
446 2042
447 2374
448 2374
449 2638
450 2638
451 2638
452 2642
453 2374
454 2638
455 2374
456 2518
457 2638
458 2638
459 2374
460 2642
461 2638
462 2638
463 2042
464 2638
465 2638
466 2638
467 2638
468 2638
469 2638
470 2638
471 2642
472 2642
473 2638
474 2638
475 2642
476 3918
477 2638
478 2638
479 2638
480 2642
481 2642
482 2638
483 2638
484 2642
485 2374
486 2638
487 4086
488 2642
489 2638
490 2374
491 2638
492 2374
493 2638
494 2638
495 2638
496 2638
497 4086
498 2638
499 2638
500 2638
501 2642
502 2642
503 2638
504 2374
505 2638
506 2638
507 2642
508 2638
509 2638
510 2642
511 2638
512 2642
513 2642
514 2638
515 2374
516 2638
517 2642
518 2638
519 2638
520 2638
521 2638
522 2638
523 4612
524 4402
525 2374
526 2642
527 2638
528 4262
529 4262
530 2642
531 4354
532 6938
533 4612
534 6715
535 4478
536 4294
537 4436
538 4314
539 4612
540 4328
541 4342
542 4362
543 4362
544 4504
545 4538
546 4442
547 4438
548 4430
549 4440
550 4502
551 2638
552 4442
553 4612
554 2638
555 4442
556 4534
557 2638
558 4442
559 4442
560 2638
561 2638
562 4612
563 4612
564 4442
565 4442
566 4568
567 4612
568 4442
569 4612
570 4586
571 4442
572 4744
573 4612
574 4612
575 4630
576 4630
577 2638
578 4442
579 5158
580 5288
581 4744
582 2638
583 4744
584 2638
585 5158
586 4442
587 2642
588 2638
589 4534
590 4442
591 5158
592 4442
593 4442
594 5158
595 2638
596 2638
597 5158
598 4942
599 5288
600 4858
601 8129
602 4938
603 5158
604 4898
605 4856
606 4874
607 5138
608 4938
609 4946
610 5014
611 4938
612 4924
613 4904
614 4946
615 4978
616 4978
617 5128
618 5158
619 4978
620 4978
621 4978
622 4978
623 5128
624 5158
625 4946
626 5128
627 5306
628 5036
629 5158
630 8306
631 5158
632 5158
633 5158
634 5132
635 4946
636 5158
637 5158
638 5134
639 5158
640 5158
641 5158
642 4946
643 5158
644 5158
645 5158
646 5158
647 5158
648 5158
649 5158
650 5158
651 5158
652 5158
653 5158
654 5158
655 5158
656 5158
657 5158
658 5158
659 5158
660 5158
661 5158
662 5158
663 5158
664 5158
665 5158
666 4946
667 3062
668 4946
669 4946
670 4946
671 5898
672 5158
673 4946
674 4946
675 5158
676 5158
677 5158
678 5158
679 5158
680 4946
681 4946
682 5158
683 3062
684 4946
685 5898
686 5898
687 5158
688 5158
689 5158
690 5158
691 5158
692 2918
693 5898
694 3062
695 5846
696 5158
697 5158
698 5898
699 5898
700 5158
701 5846
702 5846
703 5898
704 5846
705 5846
706 5898
707 5788
708 5788
709 5846
710 5788
711 5898
712 5898
713 5846
714 5846
715 5898
716 5846
717 5846
718 5788
719 5846
720 5898
721 5898
722 5788
723 6086
724 5846
725 5924
726 5806
727 5898
728 5886
729 5898
730 5898
731 5898
732 5898
733 5864
734 5898
735 5898
736 5158
737 6446
738 10196
739 10732
740 6122
741 10708
742 5982
743 10574
744 5982
745 6086
746 4946
747 6418
748 9634
749 6418
750 6350
751 10826
752 6226
753 6214
754 6234
755 6056
756 6056
757 6086
758 6242
759 6226
760 6226
761 6214
762 6128
763 6234
764 6234
765 6214
766 6214
767 6238
768 6218
769 6202
770 6214
771 6198
772 6238
773 6238
774 6238
775 6346
776 6238
777 5158
778 6238
779 6238
780 6238
781 6218
782 6238
783 6238
784 6238
785 6218
786 6238
787 5158
788 6238
789 6238
790 6238
791 4946
792 6238
793 6238
794 6238
795 6238
796 6238
797 6238
798 6238
799 5158
800 6238
801 6238
802 4946
803 6238
804 6238
805 6238
806 6238
807 6238
808 6238
809 6238
810 6238
811 6238
812 6238
813 6218
814 6238
815 6238
816 6238
817 6238
818 6238
819 6134
820 6218
821 6238
822 6218
823 6218
824 6238
825 6238
826 6218
827 5158
828 6218
829 6218
830 6238
831 6238
832 6238
833 6238
834 6238
835 6238
836 6238
837 5806
838 6238
839 6238
840 6238
841 6238
842 6238
843 6238
844 6218
845 6238
846 6238
847 6238
848 6238
849 5158
850 6238
851 6238
852 6238
853 6238
854 6218
855 6218
856 6238
857 7558
858 6238
859 6218
860 5158
861 6218
862 5158
863 5158
864 6238
865 6238
866 6238
867 4946
868 7558
869 6238
870 5158
871 6238
872 6238
873 5158
874 6238
875 6238
876 6238
877 5158
878 6238
879 5158
880 6238
881 6238
882 6218
883 6238
884 6238
885 6238
886 6238
887 6218
888 6238
889 7558
890 6238
891 6238
892 6238
893 6238
894 6218
895 6238
896 6238
897 6238
898 6238
899 6238
900 6238
901 6218
902 6238
903 6238
904 6238
905 6238
906 7558
907 6238
908 6238
909 6238
910 6238
911 6238
912 6238
913 6238
914 6238
915 6238
916 6218
917 6238
918 6238
919 5158
920 6238
921 6218
922 6238
923 6238
924 5158
925 6238
926 6218
927 6238
928 6218
929 6238
930 5158
931 6238
932 6238
933 6238
934 6238
935 6238
936 6238
937 6238
938 4946
939 6238
940 6218
941 6238
942 6238
943 6238
944 6238
945 6238
946 6218
947 6238
948 5666
949 6238
950 5666
951 7558
952 6238
953 6238
954 6218
955 6238
956 6238
957 6218
958 6238
959 6238
960 6238
961 6238
962 6238
963 6238
964 7558
965 6238
966 6238
967 6238
968 6238
969 6238
970 6218
971 8828
972 6238
973 8828
974 8830
975 7558
976 6238
977 6218
978 6218
979 8830
980 6238
981 5158
982 6238
983 6218
984 8828
985 6238
986 6238
987 6238
988 6238
989 8830
990 6238
991 8830
992 8828
993 6238
994 6218
995 8830
996 8830
997 8828
998 8828
999 8830
1000 6238
1001 8830
1002 8830
1003 8828
1004 8828
1005 8830
1006 8828
1007 6238
1008 6218
1009 8830
1010 8828
1011 8830
1012 8830
1013 8830
1014 8830
1015 8828
1016 6238
1017 8830
1018 8830
1019 8830
1020 8830
1021 6218
1022 8828
1023 8828
1024 8828
1025 8828
1026 8830
1027 8830
1028 8830
1029 6238
1030 8830
1031 6238
1032 8830
1033 8828
1034 8830
1035 8828
1036 8828
1037 6238
1038 8828
1039 8830
1040 6238
1041 8830
1042 8828
1043 8830
1044 8830
1045 8828
1046 8828
1047 8828
1048 8830
1049 8830
1050 8828
1051 8830
1052 8828
1053 8830
1054 8828
1055 8830
1056 8830
1057 8828
1058 8830
1059 8828
1060 8534
1061 8830
1062 8578
1063 8530
1064 8830
1065 6218
1066 8572
1067 8828
1068 8574
1069 8830
1070 8828
1071 8566
1072 8830
1073 8828
1074 8634
1075 8654
1076 6238
1077 8830
1078 8830
1079 8830
1080 8830
1081 8828
1082 8830
1083 8828
1084 8830
1085 8828
1086 8728
1087 8830
1088 8828
1089 8830
1090 8830
1091 6238
1092 8830
1093 8828
1094 8828
1095 8830
1096 8830
1097 8834
1098 8830
1099 8830
1100 7558
1101 9032
1102 8828
1103 8824
1104 8872
1105 6238
1106 6238
1107 8872
1108 8872
1109 6238
1110 8958
1111 6238
1112 8958
1113 9004
1114 9406
1115 6218
1116 6238
1117 8936
1118 6238
1119 6238
1120 6238
1121 9076
1122 6238
1123 6238
1124 6238
1125 6238
1126 9406
1127 9406
1128 7558
1129 9076
1130 7558
1131 6238
1132 6238
1133 6238
1134 6238
1135 7558
1136 6238
1137 7558
1138 9406
1139 7558
1140 9406
1141 9406
1142 6238
1143 9406
1144 6238
1145 9406
1146 6238
1147 9406
1148 7558
1149 7558
1150 9406
1151 9406
1152 9406
1153 9406
1154 9406
1155 6238
1156 9406
1157 9406
1158 7558
1159 9406
1160 9482
1161 6238
1162 6238
1163 6218
1164 9406
1165 9406
1166 9546
1167 9406
1168 9406
1169 9406
1170 9358
1171 6238
1172 9406
1173 9406
1174 7558
1175 9406
1176 6238
1177 6218
1178 9406
1179 6238
1180 9406
1181 7558
1182 7558
1183 9406
1184 9406
1185 9674
1186 6238
1187 7558
1188 9406
1189 9406
1190 6238
1191 7558
1192 9674
1193 7558
1194 9406
1195 9406
1196 7558
1197 6238
1198 7558
1199 7558
1200 9406
1201 9406
1202 9682
1203 7558
1204 9406
1205 9406
1206 9406
1207 9406
1208 9406
1209 6238
1210 9406
1211 9406
1212 7558
1213 6238
1214 7558
1215 9406
1216 9406
1217 7558
1218 7558
1219 6238
1220 9406
1221 9406
1222 9406
1223 6729
1224 9406
1225 9406
1226 6238
1227 9406
1228 9406
1229 9406
1230 9406
1231 9406
1232 7558
1233 9406
1234 9406
1235 9406
1236 9406
1237 7558
1238 7558
1239 9406
1240 7558
1241 10258
1242 17594
1243 9406
1244 18856
1245 17879
1246 11156
1247 18399
1248 7558
1249 11034
1250 10522
1251 10538
1252 10334
1253 10390
1254 10562
1255 10330
1256 10248
1257 10398
1258 10326
1259 10196
1260 10196
1261 10196
1262 7558
1263 9406
1264 10238
1265 10196
1266 10262
1267 10262
1268 10262
1269 10214
1270 10326
1271 10196
1272 10262
1273 10258
1274 10202
1275 10202
1276 10198
1277 10198
1278 10258
1279 9406
1280 10258
1281 9406
1282 10322
1283 10322
1284 10354
1285 9406
1286 10354
1287 10198
1288 10312
1289 9406
1290 10354
1291 10328
1292 9406
1293 10438
1294 10438
1295 10438
1296 6238
1297 10438
1298 10438
1299 7558
1300 10438
1301 10438
1302 10438
1303 10438
1304 10598
1305 9406
1306 9406
1307 10558
1308 10534
1309 10534
1310 10534
1311 10534
1312 10598
1313 10198
1314 7558
1315 9406
1316 10198
1317 10202
1318 9406
1319 7558
1320 10202
1321 9406
1322 9406
1323 7558
1324 10202
1325 10202
1326 10202
1327 9406
1328 10202
1329 10202
1330 9406
1331 10202
1332 6729
1333 10198
1334 10198
1335 10202
1336 10202
1337 9406
1338 9406
1339 9406
1340 9406
1341 10202
1342 9406
1343 9406
1344 9406
1345 9406
1346 10202
1347 9406
1348 10202
1349 10198
