1 1
4 6
5 7
7 9
8 38
9 12
10 185
11 13
12 219
13 15
14 253
16 18
18 120
19 40
22 144
23 25
24 101
25 445
26 82
27 56
28 88
29 433
30 32
31 33
32 100
33 581
34 106
38 78
49 51
53 55
54 277
55 116
61 3532
63 328
68 4554
71 660
76 629
79 241
80 82
81 83
82 84
91 93
102 515
103 728
104 945
105 214
106 1391
107 1620
108 1853
109 111
110 2331
111 113
112 2825
113 115
114 3335
115 3596
116 3861
117 4130
118 120
120 4961
121 5246
122 124
123 5828
124 126
125 127
126 6731
127 1
128 7353
129 131
130 132
131 8316
132 8645
133 8978
135 138
136 139
137 140
139 142
140 142
141 144
142 144
143 146
144 147
146 148
148 150
150 152
151 154
154 157
155 157
156 159
157 160
158 160
159 1121
160 163
161 164
162 165
163 165
164 166
165 831
166 1510
167 1
168 28904
170 177
171 865
172 175
173 175
174 176
175 177
176 178
177 179
179 181
181 364
182 3141
183 368
184 186
185 372
187 8878
188 1332
189 193
190 767
191 193
192 37825
193 195
194 390
195 197
197 796
198 600
199 400
200 202
201 406
202 406
203 205
204 206
205 412
206 208
207 209
208 210
209 633
210 212
211 1
212 856
214 864
217 219
221 223
222 896
223 900
224 904
225 227
226 912
227 229
229 924
230 232
231 233
234 236
236 238
237 239
238 240
239 241
240 242
241 243
242 976
243 245
244 984
245 247
247 249
248 250
249 251
250 252
251 253
252 1016
253 255
254 256
255 257
256 258
257 259
258 1040
259 1044
260 522
262 264
264 1064
265 267
268 270
269 271
270 272
272 1096
273 551
274 1104
275 1108
276 278
278 280
279 1124
280 844
281 283
286 288
287 289
291 1172
293 1180
295 594
296 596
298 300
300 604
302 304
303 610
304 612
307 309
312 628
318 640
320 322
322 648
328 660
330 662
331 664
333 668
334 670
335 337
337 676
339 682
340 342
342 344
343 688
344 690
345 347
346 348
348 698
349 700
350 702
351 704
352 354
354 712
355 357
356 714
357 716
360 724
363 728
365 732
366 734
368 738
369 740
372 374
373 750
374 376
375 752
376 754
377 379
379 760
380 762
381 764
383 768
384 770
385 387
386 776
387 389
389 780
390 782
392 788
394 790
397 796
398 800
399 800
400 802
402 806
404 812
405 812
406 816
407 816
410 822
412 826
413 828
414 832
416 836
417 836
418 420
419 840
420 422
422 846
424 426
426 854
428 430
429 431
431 864
432 434
433 868
435 437
436 876
437 878
438 878
439 882
440 884
441 884
442 888
444 892
445 892
447 898
448 900
449 900
450 902
451 904
452 454
454 910
455 914
457 916
458 918
460 462
461 924
462 926
464 930
465 932
466 934
467 936
468 938
469 940
470 942
471 473
472 474
473 948
474 950
475 477
476 10049
477 956
478 958
479 960
480 482
481 483
482 966
483 968
484 486
485 974
486 974
487 976
488 490
489 980
491 984
492 988
493 988
494 990
495 992
496 994
497 996
498 998
499 1000
500 1002
501 503
502 504
503 1008
504 1012
505 1012
506 1014
507 509
508 1018
509 1020
510 512
511 1024
512 514
513 515
514 1030
515 1034
517 519
518 1038
519 1040
520 1042
521 1044
522 1046
524 5279
525 1054
526 528
527 1056
528 2656
529 2661
530 532
531 9080
532 7707552
534 2697273
535 10193
537 9161
538 2157
542 1087
543 545
544 532232
545 1031429
546 150424
547 449362
548 1649
549 3857
550 3863
551 1104
552 1107
554 1110
555 559
557 1116
558 562
559 563
560 1122
561 1124
564 568
565 569
568 572
570 4568
571 575
577 1156
578 582
580 582
582 1166
584 1170
586 590
587 589
588 1178
590 594
592 596
593 597
595 1192
596 1194
598 1204
599 601
600 356994
601 39089667
602 776130
604 370263
606 369665
607 1113911
608 372098
609 611
610 376990
611 1225
612 1840
613 1
614 616
617 1858
623 2496
625 627
626 3136
627 227447
630 4540823
634 104150
635 637
638 1918
642 644
666 668
668 670
669 671
670 672
673 675
674 676
680 682
681 683
684 686
695 12528
701 8424
702 7733
704 9165
705 7060
709 5680
713 4284
714 5005
716 2151
717 2872
719 4320
723 443260
724 2175
725 804432
728 134136
733 1
737 116808
738 62006109
739 90888249
740 6690
741 721746099
742 1487
743 156061977
744 1491
745 2242
746 748
747 93672
748 9260806
749 179611
750 121108
751 207447846
752 55016
753 5297
754 32522
757 2275
758 582186
759 6858
760 6091
761 768
762 1526
763 943548
764 6129
765 1536
766 769
768 4616
769 2314
770 772
771 776
775 2334
791 793
802 804
837 839
867 869
938 940
971 973
973 975
974 1955
979 1965
984 986
989 1985
991 1990
992 994
995 1997
996 1999
997 999
998 1000
999 2005
1001 2010
1002 2011
1003 1005
1004 1006
1005 2018
1006 1008
1009 2026
1010 1012
1011 2030
1012 2031
1013 2033
1014 2036
1015 1017
1017 2042
1018 2044
1019 2046
1020 2047
1022 1024
1023 1025
1024 1026
1025 1027
1026 2060
1027 2061
1028 2063
1030 2068
1032 2072
1033 1035
1034 2076
1035 1037
1036 1038
1038 1040
1039 2085
1041 2089
1042 1044
1043 2093
1044 2096
1045 1047
1046 1048
1047 1049
1048 2104
1049 2105
1050 1052
1051 2110
1052 1054
1053 2114
1054 1056
1055 2117
1056 2119
1057 1059
1058 2123
1059 1061
1060 2125
1061 2130
1062 17045
1063 2129
1064 2135
1066 5339
1067 1069
1068 1071
1069 2146
1070 1072
1072 2152
1073 1075
1074 1077
1075 4305
1077 2162
1078 2164
1079 2165
1080 2168
1081 1083
1082 65037
1083 1085
1084 2176
1085 1087
1087 2182
1088 1090
1089 2186
1090 2188
1092 2192
1093 1095
1094 1096
1095 2197
1096 2200
1097 1101
1098 2203
1099 1103
1102 2206
1103 1005
1110 2227
1112 2231
1113 2234
1117 2042
1121 3371
1129 1133
1160 1172
1166 15196
1185 1188
1192 3589
1202 9636
1242 2652639781
1244 10962561104
1245 651513377
1246 309832
1247 2661667448
1249 1589755
1250 612697
1251 1392839
1252 87880
1253 635530
1254 606836
1255 91795
1256 40286
1257 686936
1258 358904
1259 2525
1260 3793
1261 10120
1264 11406
1265 1272
1266 16495
1267 5079
1268 654818
1269 647703
1270 5088
1271 1273
1272 1616711
1274 2551
1275 2553
1282 3851
1283 3854
1284 2574
1286 3863
1290 1292
1291 1
