1 1
2 4
3 12
4 14
5 14
6 30
7 14
8 22
9 24
10 66
11 34
12 66
13 34
14 66
15 112
16 84
17 112
18 150
19 76
20 114
21 112
22 150
23 150
24 180
25 180
26 184
27 172
28 184
29 150
30 198
31 150
32 184
33 180
34 184
35 144
36 288
37 300
38 172
39 288
40 144
41 300
42 300
43 300
44 350
45 350
46 300
47 350
48 350
49 198
50 350
51 350
52 300
53 420
54 418
55 434
56 300
57 350
58 350
59 300
60 350
61 490
62 300
63 490
64 350
65 350
66 300
67 350
68 286
69 350
70 350
71 550
72 300
73 350
74 496
75 350
76 562
77 496
78 496
79 618
80 460
81 546
82 546
83 496
84 496
85 324
86 496
87 496
88 656
89 720
90 496
91 546
92 656
93 656
94 720
95 656
96 720
97 762
98 720
99 792
100 804
101 762
102 810
103 810
104 810
105 540
106 810
107 810
108 810
109 810
110 810
111 810
112 810
113 910
114 810
115 810
116 810
117 810
118 816
119 950
120 810
121 810
122 816
123 810
124 820
125 1000
126 810
127 1016
128 810
129 816
130 810
131 810
132 810
133 810
134 1072
135 810
136 810
137 810
138 720
139 810
140 816
141 810
142 816
143 810
144 810
145 720
146 816
147 762
148 816
149 752
150 816
151 810
152 762
153 720
154 810
155 816
156 810
157 810
158 824
159 663
160 810
161 810
162 810
163 816
164 816
165 664
166 1314
167 1336
168 1326
169 1332
170 1352
171 1362
172 1374
173 1380
174 1380
175 1380
176 1380
177 1380
178 1332
179 1380
180 1434
181 1482
182 1446
183 1482
184 1380
185 1482
186 1452
187 1464
188 1500
189 1508
190 1510
191 1380
192 1526
193 1380
194 1552
195 1560
196 1332
197 1590
198 1794
199 1722
200 1380
201 1584
202 1722
203 1380
204 1380
205 1722
206 1380
207 1380
208 1380
209 1794
210 1380
211 1688
212 1584
213 1692
214 1590
215 1332
216 1332
217 1380
218 1332
219 1332
220 1332
221 1380
222 1584
223 1590
224 1584
225 1380
226 1584
227 1380
228 1332
229 1584
230 1380
231 1380
232 1332
233 1332
234 1380
235 1692
236 1380
237 1380
238 1380
239 1380
240 1380
241 1380
242 1590
243 1380
244 1590
245 1380
246 1692
247 1380
248 1380
249 1380
250 1380
251 1380
252 1590
253 1380
254 1380
255 1380
256 1380
257 1380
258 1590
259 1584
260 1856
261 1332
262 1380
263 1332
264 1590
265 1380
266 1332
267 2028
268 1380
269 1380
270 1380
271 1332
272 1590
273 2204
274 1590
275 1584
276 1380
277 1332
278 1380
279 1590
280 2240
281 1380
282 2028
283 1332
284 1332
285 2622
286 1380
287 1380
288 2028
289 2028
290 2622
291 1590
292 2028
293 1590
294 2622
295 2350
296 2350
297 2622
298 2618
299 1332
300 2350
301 2366
302 2618
303 2350
304 2350
305 2028
306 2622
307 2618
308 2622
309 2622
310 2622
311 2622
312 2350
313 2622
314 2622
315 2622
316 2622
317 2622
318 2350
319 2622
320 2618
321 2028
322 2350
323 2028
324 2622
325 2622
326 2028
327 2028
328 2350
329 2028
330 2624
331 2624
332 2028
333 2624
334 2624
335 2616
336 2366
337 2624
338 2366
339 2340
340 2616
341 2028
342 2618
343 2624
344 2624
345 2618
346 2618
347 2028
348 2624
349 2624
350 2624
351 2624
352 2616
353 2028
354 2350
355 2618
356 2624
357 2624
358 2028
359 2366
360 2350
361 2028
362 2366
363 2624
364 2028
365 2624
366 2624
367 2366
368 2624
369 2624
370 2028
371 2028
372 2618
373 2350
374 2616
375 2624
376 2624
377 2618
378 2028
379 2624
380 2624
381 2624
382 2028
383 2624
384 2624
385 2618
386 2350
387 2618
388 2028
389 2624
390 2624
391 2028
392 2350
393 2028
394 2624
395 2028
396 2366
397 2624
398 2350
399 2624
400 2624
401 2366
402 2624
403 2366
404 2350
405 2624
406 2350
407 2624
408 2366
409 2028
410 2624
411 2366
412 2624
413 2624
414 2350
415 2028
416 2350
417 2624
418 2616
419 2624
420 2616
421 2028
422 2624
423 2366
424 2618
425 2366
426 2624
427 2028
428 2616
429 2616
430 2512
431 2624
432 2618
433 2624
434 2028
435 2618
436 2350
437 2350
438 2624
439 2350
440 2350
441 2624
442 2350
443 2028
444 2350
445 2624
446 2028
447 2350
448 2350
449 2624
450 2624
451 2624
452 2616
453 2366
454 2624
455 2350
456 2512
457 2624
458 2624
459 2366
460 2616
461 2624
462 2624
463 2028
464 2624
465 2624
466 2624
467 2624
468 2624
469 2624
470 2624
471 2618
472 2616
473 2624
474 2624
475 2616
476 3750
477 2624
478 2624
479 2624
480 2618
481 2618
482 2624
483 2624
484 2618
485 2350
486 2624
487 4074
488 2616
489 2624
490 2366
491 2624
492 2350
493 2624
494 2624
495 2624
496 2624
497 4074
498 2624
499 2624
500 2624
501 2618
502 2618
503 2624
504 2350
505 2624
506 2624
507 2616
508 2624
509 2624
510 2618
511 2624
512 2618
513 2618
514 2624
515 2350
516 2634
517 2616
518 2624
519 2624
520 2624
521 2624
522 2624
523 4602
524 4186
525 2350
526 2616
527 2624
528 4216
529 4216
530 2616
531 4230
532 2178
533 4602
534 2208
535 4140
536 4288
537 4258
538 4296
539 4602
540 4324
541 4332
542 4336
543 4344
544 4336
545 4336
546 4368
547 4370
548 4378
549 4382
550 4390
551 2624
552 4410
553 4602
554 2624
555 4402
556 4522
557 2624
558 4402
559 4402
560 2624
561 2624
562 4602
563 4602
564 4402
565 4402
566 4536
567 4602
568 4402
569 4602
570 4548
571 4402
572 4736
573 4602
574 4602
575 4608
576 4608
577 2624
578 4402
579 5130
580 5270
581 4736
582 2624
583 4736
584 2624
585 5130
586 4402
587 2618
588 2624
589 4522
590 4402
591 5130
592 4402
593 4402
594 5130
595 2624
596 2624
597 5130
598 4842
599 5270
600 4794
601 2478
602 4788
603 5130
604 4826
605 4840
606 4842
607 4760
608 4858
609 4912
610 4844
611 4890
612 4890
613 4904
614 4912
615 4950
616 4970
617 4944
618 5130
619 4970
620 4970
621 4970
622 4976
623 4984
624 5130
625 4912
626 5004
627 4998
628 5022
629 5130
630 2610
631 5130
632 5130
633 5130
634 5070
635 4912
636 5130
637 5130
638 5104
639 5130
640 5130
641 5130
642 4912
643 5130
644 5130
645 5130
646 5130
647 5130
648 5130
649 5130
650 5130
651 5130
652 5130
653 5130
654 5130
655 5130
656 5130
657 5130
658 5130
659 5130
660 5130
661 5130
662 5130
663 5130
664 5130
665 5130
666 4912
667 3056
668 4912
669 4912
670 4912
671 5888
672 5130
673 4912
674 4912
675 5130
676 5130
677 5130
678 5130
679 5130
680 4912
681 4912
682 5130
683 3056
684 4912
685 5888
686 5888
687 5130
688 5130
689 5130
690 5130
691 5130
692 2880
693 5888
694 3056
695 5800
696 5130
697 5130
698 5888
699 5888
700 5130
701 5800
702 5800
703 5888
704 5800
705 5800
706 5888
707 5778
708 5778
709 5800
710 5778
711 5888
712 5888
713 5800
714 5800
715 5888
716 5800
717 5800
718 5778
719 5800
720 5888
721 5888
722 5778
723 5720
724 5800
725 5778
726 5802
727 5888
728 5840
729 5888
730 5888
731 5888
732 5888
733 5864
734 5888
735 5888
736 5130
737 5538
738 3010
739 3030
740 5922
741 3024
742 5950
743 3092
744 5950
745 5976
746 4912
747 5832
748 3225
749 5898
750 5895
751 3072
752 5964
753 6016
754 6000
755 6052
756 6052
757 6052
758 6056
759 6068
760 6056
761 6096
762 6090
763 6096
764 6108
765 6132
766 6144
767 6210
768 6140
769 6138
770 6160
771 6164
772 6210
773 6210
774 6210
775 6194
776 6210
777 5130
778 6210
779 6210
780 6210
781 6192
782 6210
783 6210
784 6210
785 6192
786 6210
787 5130
788 6210
789 6210
790 6210
791 4912
792 6210
793 6210
794 6210
795 6210
796 6210
797 6210
798 6210
799 5130
800 6210
801 6210
802 4912
803 6210
804 6210
805 6210
806 6210
807 6210
808 6210
809 6210
810 6210
811 6210
812 6210
813 6192
814 6210
815 6210
816 6210
817 6210
818 6210
819 6128
820 6192
821 6210
822 6192
823 6192
824 6210
825 6210
826 6192
827 5130
828 6192
829 6192
830 6210
831 6210
832 6210
833 6210
834 6210
835 6210
836 6210
837 5750
838 6210
839 6210
840 6210
841 6210
842 6210
843 6210
844 6192
845 6210
846 6210
847 6210
848 6210
849 5130
850 6210
851 6210
852 6210
853 6210
854 6192
855 6192
856 6210
857 7546
858 6210
859 6192
860 5130
861 6192
862 5130
863 5130
864 6210
865 6210
866 6210
867 4912
868 7546
869 6210
870 5130
871 6210
872 6210
873 5130
874 6210
875 6210
876 6210
877 5130
878 6210
879 5130
880 6210
881 6210
882 6192
883 6210
884 6210
885 6210
886 6210
887 6192
888 6210
889 7546
890 6210
891 6210
892 6210
893 6210
894 6192
895 6210
896 6210
897 6210
898 6210
899 6210
900 6210
901 6192
902 6210
903 6210
904 6210
905 6210
906 7546
907 6210
908 6210
909 6210
910 6210
911 6210
912 6210
913 6210
914 6210
915 6210
916 6192
917 6210
918 6210
919 5130
920 6210
921 6192
922 6210
923 6210
924 5130
925 6210
926 6192
927 6210
928 6192
929 6210
930 5130
931 6210
932 6210
933 6210
934 6210
935 6210
936 6210
937 6210
938 4912
939 6210
940 6192
941 6210
942 6210
943 6210
944 6210
945 6210
946 6192
947 6210
948 5652
949 6210
950 5652
951 7546
952 6210
953 6210
954 6192
955 6210
956 6210
957 6192
958 6210
959 6210
960 6210
961 6210
962 6210
963 6210
964 7546
965 6210
966 6210
967 6210
968 6210
969 6210
970 6192
971 8806
972 6210
973 8806
974 8786
975 7546
976 6210
977 6192
978 6192
979 8786
980 6210
981 5130
982 6210
983 6192
984 8806
985 6210
986 6210
987 6210
988 6210
989 8786
990 6210
991 8786
992 8806
993 6210
994 6192
995 8786
996 8786
997 8806
998 8806
999 8786
1000 6210
1001 8786
1002 8786
1003 8806
1004 8806
1005 8786
1006 8806
1007 6210
1008 6192
1009 8786
1010 8806
1011 8786
1012 8786
1013 8786
1014 8786
1015 8806
1016 6210
1017 8786
1018 8786
1019 8786
1020 8786
1021 6192
1022 8806
1023 8806
1024 8806
1025 8806
1026 8786
1027 8786
1028 8786
1029 6210
1030 8786
1031 6210
1032 8786
1033 8806
1034 8786
1035 8806
1036 8806
1037 6210
1038 8806
1039 8786
1040 6210
1041 8786
1042 8806
1043 8786
1044 8786
1045 8806
1046 8806
1047 8806
1048 8786
1049 8786
1050 8806
1051 8786
1052 8806
1053 8786
1054 8806
1055 8786
1056 8786
1057 8806
1058 8786
1059 8806
1060 8474
1061 8786
1062 8480
1063 8494
1064 8786
1065 6192
1066 8514
1067 8806
1068 8540
1069 8786
1070 8806
1071 8554
1072 8786
1073 8806
1074 8608
1075 8604
1076 6210
1077 8786
1078 8786
1079 8786
1080 8786
1081 8806
1082 8626
1083 8806
1084 8786
1085 8806
1086 8700
1087 8786
1088 8806
1089 8786
1090 8786
1091 6210
1092 8786
1093 8806
1094 8806
1095 8786
1096 8786
1097 8786
1098 8786
1099 8786
1100 7546
1101 9028
1102 8814
1103 8824
1104 8868
1105 6210
1106 6210
1107 8868
1108 8868
1109 6210
1110 8906
1111 6210
1112 8906
1113 8922
1114 9394
1115 6192
1116 6210
1117 8936
1118 6210
1119 6210
1120 6210
1121 9036
1122 6210
1123 6210
1124 6210
1125 6210
1126 9394
1127 9394
1128 7546
1129 9042
1130 7546
1131 6210
1132 6210
1133 6210
1134 6210
1135 7546
1136 6210
1137 7546
1138 9394
1139 7546
1140 9394
1141 9394
1142 6210
1143 9394
1144 6210
1145 9394
1146 6210
1147 9394
1148 7546
1149 7546
1150 9394
1151 9394
1152 9394
1153 9394
1154 9394
1155 6210
1156 9394
1157 9394
1158 7546
1159 9394
1160 9328
1161 6210
1162 6210
1163 6192
1164 9394
1165 9394
1166 9324
1167 9394
1168 9394
1169 9394
1170 9354
1171 6210
1172 9394
1173 9394
1174 7546
1175 9394
1176 6210
1177 6192
1178 9394
1179 6210
1180 9394
1181 7546
1182 7546
1183 9394
1184 9394
1185 9600
1186 6210
1187 7546
1188 9394
1189 9394
1190 6210
1191 7546
1192 9576
1193 7546
1194 9394
1195 9394
1196 7546
1197 6210
1198 7546
1199 7546
1200 9394
1201 9394
1202 9608
1203 7546
1204 9394
1205 9394
1206 9394
1207 9394
1208 9394
1209 6210
1210 9394
1211 9394
1212 7546
1213 6210
1214 7546
1215 9394
1216 9394
1217 7546
1218 7546
1219 6210
1220 9394
1221 9394
1222 9394
1223 6723
1224 9394
1225 9394
1226 6210
1227 9394
1228 9394
1229 9394
1230 9394
1231 9394
1232 7546
1233 9394
1234 9394
1235 9394
1236 9394
1237 7546
1238 7546
1239 9394
1240 7546
1241 10250
1242 5230
1243 9394
1244 5336
1245 5410
1246 9646
1247 5306
1248 7546
1249 9522
1250 9882
1251 9966
1252 10024
1253 10010
1254 10044
1255 10044
1256 10044
1257 10058
1258 10066
1259 10098
1260 10086
1261 10088
1262 7546
1263 9394
1264 10104
1265 10130
1266 10110
1267 10146
1268 10138
1269 10136
1270 10260
1271 10166
1272 10160
1273 10250
1274 10184
1275 10184
1276 10194
1277 10194
1278 10250
1279 9394
1280 10250
1281 9394
1282 10266
1283 10266
1284 10278
1285 9394
1286 10288
1287 10194
1288 10308
1289 9394
1290 10320
1291 10328
1292 9394
1293 10430
1294 10430
1295 10430
1296 6210
1297 10430
1298 10430
1299 7546
