1 0
2 1
3 2
4 3
5 5
6 4
7 5
8 21
9 19
10 16
11 9
12 16
13 9
14 16
15 6
16 10
17 6
18 36
19 6
20 4
21 6
22 36
23 16
24 26
25 26
26 22
27 6
28 22
29 36
30 16
31 16
32 22
33 26
34 22
35 13
36 14
37 14
38 6
39 14
40 13
41 14
42 14
43 14
44 8
45 8
46 14
47 8
48 8
49 16
50 8
51 8
52 14
53 18
54 52
55 40
56 14
57 8
58 8
59 14
60 8
61 66
62 14
63 72
64 8
65 8
66 14
67 8
68 16
69 8
70 8
71 72
72 14
73 8
74 6
75 8
76 140
77 6
78 6
79 38
80 22
81 20
82 20
83 6
84 6
85 13
86 6
87 6
88 6
89 26
90 6
91 20
92 6
93 6
94 26
95 6
96 26
97 4
98 26
99 16
100 4
101 4
102 28
103 28
104 28
105 26
106 28
107 28
108 28
109 32
110 28
111 32
112 28
113 24
114 28
115 28
116 28
117 28
118 26
119 8
120 28
121 28
122 26
123 28
124 22
125 30
126 28
127 0
128 28
129 26
130 32
131 28
132 28
133 28
134 2
135 32
136 32
137 32
138 26
139 32
140 26
141 32
142 26
143 32
144 32
145 26
146 26
147 4
148 26
149 6
150 26
151 32
152 4
153 26
154 32
155 26
156 32
157 32
158 18
159 20
160 32
161 32
162 32
163 26
164 26
165 19
166 88
167 0
168 76
169 14
170 50
171 64
172 22
173 18
174 22
175 22
176 22
177 22
178 14
179 22
180 4
181 12
182 134
183 20
184 22
185 20
186 14
187 122
188 70
189 54
190 96
191 22
192 38
193 22
194 24
195 46
196 14
197 32
198 22
199 12
200 22
201 38
202 12
203 22
204 22
205 12
206 22
207 22
208 22
209 22
210 22
211 0
212 38
213 14
214 32
215 14
216 14
217 22
218 14
219 14
220 14
221 22
222 38
223 32
224 38
225 22
226 38
227 22
228 14
229 38
230 22
231 22
232 14
233 14
234 22
235 14
236 22
237 22
238 22
239 22
240 22
241 22
242 32
243 22
244 32
245 22
246 14
247 22
248 22
249 22
250 22
251 22
252 32
253 22
254 22
255 22
256 22
257 22
258 32
259 38
260 38
261 14
262 22
263 14
264 32
265 22
266 14
267 14
268 22
269 22
270 22
271 14
272 32
273 30
274 32
275 38
276 22
277 14
278 22
279 32
280 50
281 22
282 14
283 14
284 14
285 8
286 22
287 22
288 14
289 14
290 8
291 32
292 14
293 32
294 8
295 24
296 24
297 8
298 20
299 14
300 24
301 8
302 24
303 24
304 24
305 14
306 8
307 20
308 8
309 8
310 8
311 8
312 24
313 8
314 8
315 8
316 8
317 8
318 24
319 8
320 24
321 14
322 24
323 14
324 8
325 8
326 14
327 14
328 24
329 14
330 14
331 14
332 14
333 14
334 14
335 26
336 8
337 14
338 8
339 34
340 26
341 14
342 24
343 14
344 14
345 24
346 24
347 14
348 14
349 14
350 14
351 14
352 26
353 14
354 24
355 24
356 14
357 14
358 14
359 8
360 24
361 14
362 8
363 14
364 14
365 14
366 14
367 8
368 14
369 14
370 14
371 14
372 24
373 24
374 26
375 14
376 14
377 24
378 14
379 14
380 14
381 14
382 14
383 14
384 14
385 24
386 24
387 24
388 14
389 14
390 14
391 14
392 24
393 14
394 14
395 14
396 8
397 14
398 24
399 14
400 14
401 8
402 14
403 8
404 24
405 14
406 24
407 14
408 8
409 14
410 14
411 8
412 14
413 14
414 24
415 14
416 24
417 14
418 26
419 14
420 26
421 14
422 14
423 8
424 24
425 8
426 14
427 14
428 26
429 26
430 6
431 14
432 24
433 14
434 14
435 24
436 24
437 24
438 14
439 24
440 24
441 14
442 24
443 14
444 24
445 14
446 14
447 24
448 24
449 14
450 14
451 14
452 26
453 8
454 14
455 24
456 6
457 14
458 14
459 8
460 26
461 14
462 14
463 14
464 14
465 14
466 14
467 14
468 14
469 14
470 14
471 24
472 26
473 14
474 14
475 26
476 168
477 14
478 14
479 14
480 24
481 24
482 14
483 14
484 24
485 24
486 14
487 12
488 26
489 14
490 8
491 14
492 24
493 14
494 14
495 14
496 14
497 12
498 14
499 14
500 14
501 24
502 24
503 14
504 24
505 14
506 14
507 26
508 14
509 14
510 24
511 14
512 24
513 24
514 14
515 24
516 4
517 26
518 14
519 14
520 14
521 14
522 14
523 10
524 216
525 24
526 26
527 14
528 46
529 46
530 26
531 124
532 4760
533 10
534 4507
535 338
536 6
537 178
538 18
539 10
540 4
541 10
542 26
543 18
544 168
545 202
546 74
547 68
548 52
549 58
550 112
551 14
552 32
553 10
554 14
555 40
556 12
557 14
558 40
559 40
560 14
561 14
562 10
563 10
564 40
565 40
566 32
567 10
568 40
569 10
570 38
571 40
572 8
573 10
574 10
575 22
576 22
577 14
578 40
579 28
580 18
581 8
582 14
583 8
584 14
585 28
586 40
587 24
588 14
589 12
590 40
591 28
592 40
593 40
594 28
595 14
596 14
597 28
598 100
599 18
600 64
601 5651
602 150
603 28
604 72
605 16
606 32
607 378
608 80
609 34
610 170
611 48
612 34
613 0
614 34
615 28
616 8
617 184
618 28
619 8
620 8
621 8
622 2
623 144
624 28
625 34
626 124
627 308
628 14
629 28
630 5696
631 28
632 28
633 28
634 62
635 34
636 28
637 28
638 30
639 28
640 28
641 28
642 34
643 28
644 28
645 28
646 28
647 28
648 28
649 28
650 28
651 28
652 28
653 28
654 28
655 28
656 28
657 28
658 28
659 28
660 28
661 28
662 28
663 28
664 28
665 28
666 34
667 6
668 34
669 34
670 34
671 10
672 28
673 34
674 34
675 28
676 28
677 28
678 28
679 28
680 34
681 34
682 28
683 6
684 34
685 10
686 10
687 28
688 28
689 28
690 28
691 28
692 38
693 10
694 6
695 46
696 28
697 28
698 10
699 10
700 28
701 46
702 46
703 10
704 46
705 46
706 10
707 10
708 10
709 46
710 10
711 10
712 10
713 46
714 46
715 10
716 46
717 46
718 10
719 46
720 10
721 10
722 10
723 366
724 46
725 146
726 4
727 10
728 46
729 10
730 10
731 10
732 10
733 0
734 10
735 10
736 28
737 908
738 7186
739 7702
740 200
741 7684
742 32
743 7482
744 32
745 110
746 34
747 586
748 6409
749 520
750 455
751 7754
752 262
753 198
754 234
755 4
756 4
757 34
758 186
759 158
760 170
761 118
762 38
763 138
764 126
765 82
766 70
767 28
768 78
769 64
770 54
771 34
772 28
773 28
774 28
775 152
776 28
777 28
778 28
779 28
780 28
781 26
782 28
783 28
784 28
785 26
786 28
787 28
788 28
789 28
790 28
791 34
792 28
793 28
794 28
795 28
796 28
797 28
798 28
799 28
800 28
801 28
802 34
803 28
804 28
805 28
806 28
807 28
808 28
809 28
810 28
811 28
812 28
813 26
814 28
815 28
816 28
817 28
818 28
819 6
820 26
821 28
822 26
823 26
824 28
825 28
826 26
827 28
828 26
829 26
830 28
831 28
832 28
833 28
834 28
835 28
836 28
837 56
838 28
839 28
840 28
841 28
842 28
843 28
844 26
845 28
846 28
847 28
848 28
849 28
850 28
851 28
852 28
853 28
854 26
855 26
856 28
857 12
858 28
859 26
860 28
861 26
862 28
863 28
864 28
865 28
866 28
867 34
868 12
869 28
870 28
871 28
872 28
873 28
874 28
875 28
876 28
877 28
878 28
879 28
880 28
881 28
882 26
883 28
884 28
885 28
886 28
887 26
888 28
889 12
890 28
891 28
892 28
893 28
894 26
895 28
896 28
897 28
898 28
899 28
900 28
901 26
902 28
903 28
904 28
905 28
906 12
907 28
908 28
909 28
910 28
911 28
912 28
913 28
914 28
915 28
916 26
917 28
918 28
919 28
920 28
921 26
922 28
923 28
924 28
925 28
926 26
927 28
928 26
929 28
930 28
931 28
932 28
933 28
934 28
935 28
936 28
937 28
938 34
939 28
940 26
941 28
942 28
943 28
944 28
945 28
946 26
947 28
948 14
949 28
950 14
951 12
952 28
953 28
954 26
955 28
956 28
957 26
958 28
959 28
960 28
961 28
962 28
963 28
964 12
965 28
966 28
967 28
968 28
969 28
970 26
971 22
972 28
973 22
974 44
975 12
976 28
977 26
978 26
979 44
980 28
981 28
982 28
983 26
984 22
985 28
986 28
987 28
988 28
989 44
990 28
991 44
992 22
993 28
994 26
995 44
996 44
997 22
998 22
999 44
1000 28
1001 44
1002 44
1003 22
1004 22
1005 44
1006 22
1007 28
1008 26
1009 44
1010 22
1011 44
1012 44
1013 44
1014 44
1015 22
1016 28
1017 44
1018 44
1019 44
1020 44
1021 26
1022 22
1023 22
1024 22
1025 22
1026 44
1027 44
1028 44
1029 28
1030 44
1031 28
1032 44
1033 22
1034 44
1035 22
1036 22
1037 28
1038 22
1039 44
1040 28
1041 44
1042 22
1043 44
1044 44
1045 22
1046 22
1047 22
1048 44
1049 44
1050 22
1051 44
1052 22
1053 44
1054 22
1055 44
1056 44
1057 22
1058 44
1059 22
1060 60
1061 44
1062 98
1063 36
1064 44
1065 26
1066 58
1067 22
1068 34
1069 44
1070 22
1071 12
1072 44
1073 22
1074 26
1075 50
1076 28
1077 44
1078 44
1079 44
1080 44
1081 22
1082 204
1083 22
1084 44
1085 22
1086 28
1087 44
1088 22
1089 44
1090 44
1091 28
1092 44
1093 22
1094 22
1095 44
1096 44
1097 48
1098 44
1099 44
1100 12
1101 4
1102 14
1103 0
1104 4
1105 28
1106 28
1107 4
1108 4
1109 28
1110 52
1111 28
1112 52
1113 82
1114 12
1115 26
1116 28
1117 0
1118 28
1119 28
1120 28
1121 40
1122 28
1123 28
1124 28
1125 28
1126 12
1127 12
1128 12
1129 34
1130 12
1131 28
1132 28
1133 28
1134 28
1135 12
1136 28
1137 12
1138 12
1139 12
1140 12
1141 12
1142 28
1143 12
1144 28
1145 12
1146 28
1147 12
1148 12
1149 12
1150 12
1151 12
1152 12
1153 12
1154 12
1155 28
1156 12
1157 12
1158 12
1159 12
1160 154
1161 28
1162 28
1163 26
1164 12
1165 12
1166 222
1167 12
1168 12
1169 12
1170 4
1171 28
1172 12
1173 12
1174 12
1175 12
1176 28
1177 26
1178 12
1179 28
1180 12
1181 12
1182 12
1183 12
1184 12
1185 74
1186 28
1187 12
1188 12
1189 12
1190 28
1191 12
1192 98
1193 12
1194 12
1195 12
1196 12
1197 28
1198 12
1199 12
1200 12
1201 12
1202 74
1203 12
1204 12
1205 12
1206 12
1207 12
1208 12
1209 28
1210 12
1211 12
1212 12
1213 28
1214 12
1215 12
1216 12
1217 12
1218 12
1219 28
1220 12
1221 12
1222 12
1223 6
1224 12
1225 12
1226 28
1227 12
1228 12
1229 12
1230 12
1231 12
1232 12
1233 12
1234 12
1235 12
1236 12
1237 12
1238 12
1239 12
1240 12
1241 8
1242 12364
1243 12
1244 13520
1245 12469
1246 1510
1247 13093
1248 12
1249 1512
1250 640
1251 572
1252 310
1253 380
1254 518
1255 286
1256 204
1257 340
1258 260
1259 98
1260 110
1261 108
1262 12
1263 12
1264 134
1265 66
1266 152
1267 116
1268 124
1269 78
1270 66
1271 30
1272 102
1273 8
1274 18
1275 18
1276 4
1277 4
1278 8
1279 12
1280 8
1281 12
1282 56
1283 56
1284 76
1285 12
1286 66
1287 4
1288 4
1289 12
1290 34
1291 0
1292 12
1293 8
1294 8
1295 8
1296 28
1297 8
1298 8
1299 12
1300 8
1301 8
1302 8
1303 8
1304 170
1305 12
1306 12
1307 108
1308 64
1309 46
1310 54
1311 46
1312 110
1313 4
1314 12
1315 12
1316 4
1317 18
1318 12
1319 12
1320 18
1321 12
1322 12
1323 12
1324 18
1325 18
1326 18
1327 12
1328 22
1329 22
1330 12
1331 18
1332 6
1333 4
1334 78
1335 22
1336 18
1337 12
1338 12
1339 12
1340 12
1341 18
1342 12
1343 12
1344 12
1345 12
1346 18
1347 12
1348 18
1349 4
