1 1
2 2
3 2
4 4
5 5
6 3
7 4
8 12
9 8
10 8
11 5
12 8
13 5
14 8
15 4
16 4
17 4
18 14
19 4
20 3
21 3
22 14
23 5
24 10
25 10
26 9
27 4
28 9
29 14
30 7
31 5
32 9
33 10
34 9
35 4
36 3
37 4
38 4
39 3
40 4
41 4
42 4
43 4
44 4
45 4
46 3
47 4
48 4
49 5
50 4
51 4
52 4
53 5
54 23
55 15
56 4
57 4
58 4
59 4
60 4
61 20
62 4
63 23
64 4
65 4
66 4
67 4
68 7
69 4
70 4
71 32
72 3
73 4
74 3
75 4
76 59
77 3
78 3
79 12
80 6
81 7
82 7
83 3
84 3
85 4
86 3
87 3
88 3
89 4
90 3
91 7
92 3
93 3
94 4
95 3
96 4
97 3
98 4
99 2
100 2
101 3
102 9
103 9
104 9
105 9
106 9
107 9
108 9
109 7
110 9
111 7
112 9
113 5
114 9
115 9
116 9
117 9
118 6
119 3
120 9
121 9
122 6
123 9
124 6
125 4
126 9
127 1
128 9
129 6
130 7
131 9
132 9
133 9
134 2
135 9
136 9
137 9
138 4
139 9
140 8
141 9
142 6
143 9
144 9
145 4
146 6
147 3
148 6
149 3
150 6
151 9
152 3
153 4
154 9
155 6
156 9
157 9
158 5
159 13
160 9
161 9
162 9
163 6
164 6
165 12
166 24
167 1
168 34
169 3
170 15
171 21
172 6
173 5
174 6
175 6
176 6
177 6
178 3
179 6
180 3
181 5
182 55
183 6
184 6
185 6
186 3
187 55
188 23
189 8
190 18
191 6
192 17
193 6
194 5
195 4
196 3
197 10
198 10
199 5
200 6
201 9
202 5
203 6
204 6
205 5
206 6
207 6
208 6
209 10
210 6
211 1
212 10
213 3
214 10
215 3
216 3
217 6
218 3
219 3
220 3
221 6
222 10
223 10
224 12
225 6
226 10
227 6
228 3
229 10
230 6
231 6
232 3
233 3
234 6
235 3
236 6
237 6
238 6
239 6
240 6
241 6
242 10
243 6
244 10
245 6
246 3
247 6
248 6
249 6
250 6
251 6
252 10
253 6
254 6
255 6
256 6
257 6
258 10
259 12
260 7
261 3
262 6
263 3
264 10
265 6
266 3
267 4
268 6
269 6
270 6
271 3
272 10
273 11
274 10
275 10
276 6
277 3
278 6
279 10
280 10
281 6
282 4
283 3
284 3
285 3
286 6
287 6
288 4
289 4
290 3
291 10
292 4
293 10
294 3
295 10
296 9
297 3
298 7
299 3
300 9
301 3
302 8
303 10
304 9
305 4
306 3
307 7
308 3
309 3
310 3
311 3
312 9
313 3
314 3
315 3
316 3
317 3
318 9
319 3
320 8
321 4
322 10
323 4
324 3
325 3
326 4
327 4
328 9
329 4
330 4
331 4
332 4
333 4
334 4
335 7
336 3
337 4
338 3
339 12
340 7
341 4
342 8
343 4
344 4
345 8
346 8
347 4
348 4
349 4
350 4
351 4
352 7
353 4
354 9
355 8
356 4
357 4
358 4
359 3
360 10
361 4
362 3
363 4
364 4
365 4
366 4
367 3
368 4
369 4
370 4
371 4
372 8
373 10
374 7
375 5
376 4
377 8
378 4
379 4
380 4
381 4
382 4
383 4
384 4
385 8
386 10
387 8
388 4
389 4
390 4
391 4
392 10
393 4
394 4
395 4
396 3
397 5
398 9
399 4
400 4
401 3
402 4
403 3
404 9
405 4
406 9
407 4
408 3
409 4
410 5
411 3
412 4
413 4
414 9
415 4
416 9
417 4
418 7
419 5
420 7
421 4
422 4
423 3
424 8
425 3
426 4
427 4
428 9
429 7
430 3
431 5
432 8
433 5
434 4
435 8
436 9
437 10
438 4
439 10
440 9
441 4
442 9
443 4
444 10
445 4
446 4
447 10
448 10
449 4
450 4
451 5
452 7
453 3
454 5
455 10
456 3
457 4
458 4
459 3
460 7
461 4
462 4
463 4
464 4
465 5
466 4
467 4
468 5
469 4
470 4
471 8
472 7
473 5
474 4
475 7
476 83
477 4
478 4
479 5
480 8
481 8
482 5
483 4
484 8
485 10
486 4
487 5
488 7
489 4
490 3
491 4
492 9
493 4
494 4
495 5
496 4
497 5
498 4
499 4
500 4
501 8
502 8
503 5
504 9
505 4
506 5
507 10
508 5
509 5
510 8
511 5
512 8
513 8
514 4
515 10
516 3
517 7
518 4
519 4
520 4
521 4
522 4
523 4
524 60
525 10
526 7
527 5
528 20
529 20
530 7
531 47
532 4568
533 4
534 4229
535 149
536 2
537 79
538 8
539 4
540 2
541 3
542 7
543 4
544 88
545 94
546 25
547 24
548 12
549 21
550 30
551 5
552 8
553 4
554 4
555 9
556 3
557 5
558 9
559 9
560 4
561 5
562 4
563 4
564 9
565 9
566 3
567 4
568 9
569 4
570 13
571 9
572 2
573 4
574 4
575 3
576 2
577 5
578 9
579 5
580 7
581 2
582 4
583 2
584 5
585 5
586 9
587 8
588 5
589 3
590 9
591 5
592 9
593 9
594 5
595 5
596 5
597 5
598 17
599 7
600 24
601 5412
602 67
603 5
604 24
605 2
606 12
607 191
608 16
609 9
610 50
611 8
612 10
613 1
614 8
615 3
616 3
617 29
618 5
619 3
620 3
621 3
622 2
623 21
624 5
625 9
626 22
627 125
628 3
629 5
630 5391
631 5
632 5
633 5
634 21
635 9
636 5
637 5
638 9
639 5
640 5
641 5
642 8
643 5
644 5
645 5
646 5
647 5
648 4
649 5
650 5
651 5
652 5
653 5
654 5
655 5
656 5
657 5
658 5
659 5
660 5
661 5
662 5
663 5
664 5
665 5
666 9
667 3
668 9
669 8
670 9
671 3
672 5
673 9
674 9
675 5
676 5
677 5
678 5
679 5
680 9
681 9
682 5
683 3
684 9
685 3
686 3
687 5
688 5
689 5
690 5
691 5
692 4
693 3
694 3
695 8
696 5
697 5
698 3
699 3
700 5
701 8
702 8
703 3
704 8
705 8
706 3
707 4
708 4
709 8
710 4
711 3
712 3
713 8
714 8
715 3
716 8
717 8
718 4
719 8
720 3
721 3
722 4
723 152
724 8
725 54
726 3
727 3
728 17
729 3
730 3
731 3
732 3
733 1
734 3
735 3
736 5
737 595
738 6780
739 7068
740 57
741 7384
742 8
743 7080
744 8
745 21
746 9
747 379
748 6214
749 321
750 290
751 7328
752 155
753 55
754 125
755 2
756 2
757 8
758 68
759 54
760 45
761 15
762 9
763 52
764 33
765 15
766 7
767 4
768 21
769 19
770 4
771 10
772 4
773 4
774 4
775 21
776 4
777 5
778 4
779 4
780 4
781 3
782 4
783 4
784 4
785 3
786 4
787 5
788 4
789 4
790 4
791 8
792 4
793 4
794 4
795 4
796 4
797 4
798 4
799 5
800 4
801 4
802 9
803 4
804 4
805 4
806 4
807 4
808 4
809 4
810 4
811 4
812 4
813 3
814 4
815 4
816 4
817 4
818 4
819 3
820 3
821 4
822 3
823 3
824 4
825 4
826 3
827 5
828 3
829 3
830 4
831 4
832 4
833 4
834 4
835 4
836 4
837 8
838 4
839 4
840 4
841 4
842 4
843 4
844 3
845 4
846 4
847 4
848 4
849 5
850 4
851 4
852 4
853 4
854 3
855 3
856 4
857 5
858 4
859 3
860 5
861 3
862 5
863 5
864 4
865 4
866 4
867 9
868 5
869 4
870 5
871 4
872 4
873 5
874 4
875 4
876 4
877 5
878 4
879 5
880 4
881 4
882 3
883 4
884 4
885 4
886 4
887 3
888 4
889 5
890 4
891 4
892 4
893 4
894 3
895 4
896 4
897 4
898 4
899 4
900 4
901 3
902 4
903 4
904 4
905 4
906 5
907 4
908 4
909 4
910 4
911 4
912 4
913 4
914 4
915 4
916 3
917 4
918 4
919 5
920 4
921 3
922 4
923 4
924 5
925 4
926 3
927 4
928 3
929 4
930 5
931 4
932 4
933 4
934 4
935 4
936 4
937 4
938 7
939 4
940 3
941 4
942 4
943 4
944 4
945 4
946 3
947 4
948 3
949 4
950 3
951 5
952 4
953 4
954 3
955 4
956 4
957 3
958 4
959 4
960 4
961 4
962 4
963 4
964 5
965 4
966 4
967 4
968 4
969 4
970 3
971 7
972 4
973 7
974 11
975 5
976 4
977 3
978 3
979 11
980 4
981 5
982 4
983 3
984 7
985 4
986 4
987 4
988 4
989 11
990 4
991 11
992 7
993 4
994 3
995 11
996 11
997 7
998 7
999 11
1000 4
1001 11
1002 11
1003 7
1004 7
1005 11
1006 7
1007 4
1008 3
1009 11
1010 7
1011 11
1012 11
1013 11
1014 11
1015 7
1016 4
1017 11
1018 11
1019 11
1020 11
1021 3
1022 7
1023 7
1024 7
1025 7
1026 11
1027 11
1028 11
1029 4
1030 11
1031 4
1032 11
1033 7
1034 11
1035 7
1036 7
1037 4
1038 7
1039 11
1040 4
1041 11
1042 7
1043 11
1044 11
1045 7
1046 7
1047 7
1048 11
1049 11
1050 7
1051 11
1052 7
1053 11
1054 7
1055 11
1056 11
1057 7
1058 11
1059 7
1060 12
1061 11
1062 39
1063 9
1064 11
1065 3
1066 20
1067 7
1068 7
1069 11
1070 7
1071 4
1072 11
1073 7
1074 8
1075 12
1076 4
1077 11
1078 11
1079 11
1080 11
1081 7
1082 91
1083 7
1084 11
1085 7
1086 3
1087 11
1088 7
1089 11
1090 11
1091 4
1092 11
1093 7
1094 7
1095 11
1096 11
1097 11
1098 11
1099 8
1100 5
1101 2
1102 5
1103 1
1104 2
1105 4
1106 4
1107 2
1108 2
1109 4
1110 16
1111 4
1112 16
1113 20
1114 4
1115 3
1116 4
1117 1
1118 4
1119 4
1120 4
1121 16
1122 4
1123 4
1124 4
1125 4
1126 4
1127 4
1128 5
1129 10
1130 5
1131 4
1132 4
1133 4
1134 4
1135 5
1136 4
1137 5
1138 4
1139 5
1140 4
1141 4
1142 4
1143 4
1144 4
1145 4
1146 4
1147 4
1148 5
1149 5
1150 4
1151 4
1152 4
1153 4
1154 4
1155 4
1156 4
1157 4
1158 5
1159 4
1160 31
1161 4
1162 4
1163 3
1164 4
1165 4
1166 79
1167 4
1168 4
1169 4
1170 3
1171 4
1172 4
1173 4
1174 5
1175 4
1176 4
1177 3
1178 4
1179 4
1180 4
1181 5
1182 5
1183 4
1184 4
1185 9
1186 4
1187 5
1188 4
1189 4
1190 4
1191 5
1192 32
1193 5
1194 4
1195 4
1196 5
1197 4
1198 5
1199 5
1200 4
1201 4
1202 28
1203 5
1204 4
1205 4
1206 4
1207 4
1208 4
1209 4
1210 4
1211 4
1212 5
1213 4
1214 5
1215 4
1216 4
1217 5
1218 5
1219 4
1220 4
1221 4
1222 4
1223 4
1224 4
1225 4
1226 4
1227 4
1228 4
1229 4
1230 4
1231 4
1232 5
1233 4
1234 4
1235 4
1236 4
1237 5
1238 5
1239 4
1240 5
1241 3
1242 11957
1243 4
1244 12597
1245 11528
1246 857
1247 12273
1248 5
1249 1112
1250 294
1251 253
1252 132
1253 176
1254 189
1255 126
1256 88
1257 111
1258 87
1259 25
1260 26
1261 39
1262 5
1263 4
1264 45
1265 13
1266 51
1267 27
1268 39
1269 28
1270 20
1271 5
1272 25
1273 3
1274 7
1275 7
1276 3
1277 3
1278 3
1279 4
1280 3
1281 4
1282 13
1283 12
1284 16
1285 4
1286 9
1287 3
1288 2
1289 4
1290 4
1291 1
1292 4
1293 3
1294 3
1295 3
1296 4
1297 3
1298 3
1299 5
1300 3
1301 3
1302 3
1303 3
1304 74
1305 4
1306 4
1307 39
1308 20
1309 5
1310 12
1311 4
1312 39
1313 3
1314 5
1315 4
1316 3
1317 7
1318 4
1319 5
1320 7
1321 4
1322 4
1323 5
1324 7
1325 7
1326 7
1327 4
1328 6
1329 6
1330 4
1331 7
1332 4
1333 3
1334 18
1335 6
1336 7
1337 4
1338 4
1339 4
1340 4
1341 7
1342 4
1343 4
1344 4
1345 4
1346 7
1347 4
1348 7
1349 3
