1 2
2 9
3 24
4 23
5 35
6 32
7 75
8 114
9 81
10 241
11 95
12 298
13 200
14 759
15 103
16 481
17 169
18 1129
19 669
20 312
21 241
22 969
23 1760
24 371
25 1064
26 3068
27 5308
28 1172
29 5360
30 1932
31 856
32 9746
33 1440
34 789
35 449
36 3597
37 861
38 3799
39 3591
40 392
41 2078
42 3467
43 8117
44 2659
45 322
46 2456
47 2974
48 1920
49 1530
50 444
51 2061
52 2813
53 2319
54 5776
55 5696
56 3570
57 3118
58 1727
59 1958
60 3664
61 7426
62 5520
63 7601
64 10118
65 9938
66 9261
67 2400
68 24959
69 2948
70 6400
71 6670
72 2776
73 10517
74 12138
75 5622
76 3064
77 9667
78 11997
79 28791
80 6928
81 40205
82 13972
83 18331
84 31819
85 78445
86 63896
87 196129
88 39859
89 34586
90 2161
91 25569
92 90212
93 5543
94 18313
95 36567
96 45628
97 16717
98 4761
99 37743
100 28577
101 41195
102 33669
103 26751
104 9588
105 14028
106 7607
107 7450
108 16448
109 27635
110 12629
111 45397
112 11257
113 17167
114 28771
115 39968
116 15355
117 49996
118 38788
119 16293
120 34219
121 29665
122 16452
123 65221
124 39295
125 20815
126 25882
127 18958
128 29779
129 31780
130 31661
131 22426
132 24603
133 24005
134 58267
135 39393
136 53897
137 23618
138 9419
139 46787
140 3215
141 14881
142 23184
143 79282
144 36087
145 11091
146 74591
147 10464
148 23631
149 110753
150 86018
151 131892
152 145779
153 24212
154 51815
155 234637
156 257600
157 69193
158 192407
159 221148
160 32321
161 14084
162 291722
163 36930
164 218832
165 62467
166 1069487
167 34532
168 116229
169 319657
170 126301
171 148095
172 87457
173 404757
174 43383
175 85432
176 98337
177 561682
178 85019
179 1742028
180 132432
181 737524
182 89322
183 111986
184 572522
185 46228
186 582203
187 691492
188 149118
189 34914
190 134076
191 55528
192 346316
193 235370
194 515789
195 330022
196 471118
197 38342
198 501286
199 352071
200 88690
201 194723
202 2155947
203 105600
204 578880
205 331158
206 231118
207 770339
208 239993
209 522343
210 512233
211 979783
212 528869
213 1702961
214 32932
215 2687443
216 328240
217 624355
218 469475
219 69174
220 901164
221 530844
222 60850
223 675905
224 70652
225 1124866
226 3153959
227 1853230
228 421281
229 246944
230 4008242
231 93454
232 1509839
233 692734
234 802345
235 1730132
236 3210214
237 3478515
238 463963
239 497925
240 844399
241 960706
242 1335494
243 1690106
244 1450694
245 190589
246 69415
247 1127887
248 257913
249 404233
250 66933
251 326688
252 3533912
253 1643347
254 1022349
255 94515
256 463044
257 122013
258 3747175
259 151322
260 718194
261 1797764
262 291409
263 642305
264 57620
265 100323
266 63552
267 626402
268 474808
269 426646
270 2800195
271 1838156
272 4560800
273 804929
274 18256
275 194528
276 1090619
277 1538567
278 1561106
279 53280
280 527690
281 572893
282 883126
283 46618
284 1919372
285 1854632
286 695557
287 3062221
288 284095
289 770498
290 1347556
291 203872
292 2962468
293 758932
294 3181758
295 766049
296 1286825
297 386868
298 622180
299 62822
300 502985
301 270130
302 793169
303 1444749
304 350293
305 172406
306 359749
307 3035354
308 1244221
309 555346
310 883824
311 324041
312 519382
313 818323
314 5675748
315 2211790
316 579108
317 4731223
318 2896502
319 3379440
320 324114
321 80180
322 5836419
323 2050237
324 2468938
325 3558583
326 1700005
327 188495
328 592659
329 146372
330 1571698
331 2461274
332 1602649
333 945453
334 5709101
335 330455
336 25664
337 1142326
338 3409247
339 310234
340 1173167
341 2772709
342 3501886
343 62160
344 3136938
345 2098090
346 5418205
347 4717622
348 1518003
349 73621
350 5582252
351 656363
352 3954875
353 1034464
354 271255
355 165939
356 528043
357 217664
358 555162
359 217086
360 1191342
361 197623
362 1579649
363 1078182
364 1942900
365 1256139
366 645190
367 1373836
368 348077
369 3015159
370 332538
371 928692
372 171069
373 475857
374 972343
375 697277
376 1698101
377 996313
378 866214
379 187650
380 212376
381 1156790
382 500736
383 1658443
384 1758494
385 992055
386 1711008
387 732818
388 147898
389 581406
390 778368
391 1850451
392 375775
393 321425
394 2021730
395 1113706
396 1320043
397 491156
398 1001562
399 795250
400 106495
401 188253
402 653449
403 127634
404 384211
405 1870570
406 320357
407 314836
408 868256
409 263023
410 2207786
411 277458
412 983340
413 428278
414 359203
415 87831
416 795388
417 891761
418 2511013
419 297867
420 247729
421 545789
422 387477
423 969811
424 247802
425 284238
426 607004
427 339952
428 618084
429 481675
430 114903
431 180944
432 218452
433 1520346
434 353208
435 478981
436 1030034
437 564067
438 518992
439 2009501
440 2109826
441 331741
442 912771
443 55585
444 2545168
445 83326
446 1006981
447 958701
448 369498
449 2108309
450 833545
451 1691743
452 380767
453 12267383
454 1389929
455 2523069
456 1234633
457 531436
458 199703
459 684691
460 4418202
461 1623424
462 156642
463 4357516
464 565532
465 1013099
466 856473
467 4390673
468 1288702
469 808450
470 1099186
471 519012
472 5234439
473 6180992
474 130060
475 1582871
476 4010144
477 12374512
478 9953934
479 654295
480 1293608
481 2241294
482 3489586
483 3695937
484 2621663
485 2087868
486 3848506
487 3183421
488 9999467
489 4206742
490 2802316
491 1601986
492 799283
493 13909143
494 15872190
495 2371687
496 2211468
497 4921354
498 7095894
499 1884917
500 2517207
501 9166674
502 13325612
503 2988441
504 4235728
505 17028517
506 1845608
507 4923032
508 1370844
509 23789310
510 24076758
511 12111722
512 909472
513 13821746
514 33916716
515 4691611
516 23569474
517 3246446
518 33855506
519 27560398
520 1836721
521 51935275
522 7160931
523 15613458
524 58841666
525 16819939
526 2180136
527 3270054
528 1268155
529 101284247
530 5307452
531 3680095
532 9462642
533 13100830
534 5088107
535 4082893
536 1643944
537 3283944
538 6255648
539 112896
540 8542845
541 727798
542 750494
543 5971419
544 4452700
545 13127996
546 900841
547 4414790
548 332832
549 1091428
550 10945436
551 5657984
552 18236369
553 37135694
554 28084832
555 26423586
556 3239592
557 9960475
558 4774492
559 55134893
560 79537553
561 32815854
562 61367961
563 51311171
564 14919036
565 13471035
566 410070
567 16702693
568 35884081
569 154797884
570 47121422
571 61744555
572 26864033
573 32324503
574 15814164
575 66527830
576 81215217
577 76697314
578 138509851
579 44975288
580 88235841
581 190268429
582 146585382
583 8797589
584 157182142
585 261079130
586 79968551
587 300242210
588 22603461
589 28824084
590 966857508
591 758506926
592 59000316
593 30645721
594 3791038
595 68101022
596 756818316
597 106418590
598 54957243
599 107597201
600 142977194
601 54311064
602 41895315
603 44615192
604 1965425
605 24030892
606 25308715
607 43009593
608 9699516
609 64619335
610 9108908
611 5318071
612 1923388
613 14143541
614 2955280
615 8660200
616 6088723
617 8915964
618 6364114
619 5188883
620 31982872
621 9715672
622 18892448
623 38204216
624 34706871
625 25788155
626 1869413
627 23382448
628 193935640
629 3513131
630 247651041
631 7746948
632 85537517
633 106687296
634 60818272
635 146380963
636 65336732
637 12705547
638 101868500
639 135775693
640 46028742
641 162045907
642 187416437
643 149776095
644 85780323
645 71175788
646 172234183
647 809823236
648 312909640
649 183366447
650 63651277
651 568566212
652 1881470781
653 189570855
654 50943754
655 89442003
656 388344752
657 137938708
658 18660073
659 39773166
660 464013344
661 305007385
662 265513260
663 1290216239
664 527086844
665 1785614295
666 1701766349
667 59849708
668 275866506
669 322108490
670 2384666905
671 996036336
672 1203111833
673 53922655
674 382525045
675 280337987
676 650763553
677 45441044
678 899377735
679 281394886
680 831907777
681 377951243
682 14906260
683 2904690574
684 1413013486
685 923054450
686 1500469511
687 501722074
688 703558622
689 808855541
690 285512153
691 972716688
692 24342798
693 178443251
694 522154389
695 288288811
696 414264814
697 5774150960
698 938824132
699 886078292
700 277023487
701 98910797
702 511616272
703 504716762
704 7684288
705 238935812
706 91103748
707 188573288
708 128305279
709 65829306
710 28329469
711 192018564
712 38877480
713 116132207
714 12075956
715 84707584
716 101462433
717 66169906
718 19824983
719 106469216
720 82984986
721 18999323
722 16908968
723 24496718
724 51666481
725 5703042
726 94127144
727 71832387
728 33415879
729 11674474
730 2344672
731 536813942
732 83372608
733 52900083
734 171787464
735 467692291
736 142105507
737 383852087
738 454805961
739 357420708
740 1092030586
741 1544332879
742 17770515
743 304052694
744 790024628
745 179919863
746 485852376
747 344743356
748 371279690
749 74031802
750 232995326
751 363555530
752 261840982
753 149032083
754 78942913
755 48222572
756 48965889
757 40159541
758 82762586
759 435654327
760 15748371
761 67692397
762 77692105
763 155421847
764 391389204
765 79235425
766 338091246
767 59525987
768 634715967
769 397925676
770 207120364
771 38310829
772 520155619
773 1506238986
774 812112803
775 51188691
776 250863119
777 182014563
778 366337791
779 751162744
780 409838341
781 89721595
782 538001459
783 260447747
784 837420651
785 427009398
786 306752580
787 753683605
788 3746333446
789 362362964
790 110233710
791 40647127
792 626556091
793 944820642
794 712557941
795 673697438
796 1622633200
797 11194327
798 2795823358
799 315621904
800 354591954
801 1562764608
802 1625760824
803 1923699127
804 311685924
805 411895979
806 789315258
807 1446718856
808 2536447881
809 538421019
810 2273893331
811 233776872
812 15103910
813 540120580
814 705840727
815 1109372241
816 848641476
817 1569518205
818 265715233
819 1081162454
820 302590139
821 188315562
822 1649413730
823 287967223
824 31738897
825 2246403521
826 660892977
827 202769
828 1738555692
829 1038814296
830 90842388
831 762119070
832 739447222
833 251346930
834 29409707
835 496331027
836 1081883161
837 1007410631
838 86912233
839 301994829
840 1116675198
841 1728840599
842 2068468717
843 261661222
844 1007246571
845 882700902
846 679284615
847 1447493796
848 2099384779
849 1611217928
850 2519391658
851 2426233649
852 1449707146
853 3265273547
854 2067907400
855 506969177
856 566215792
857 463312721
858 1018256817
859 4185338551
860 708006778
861 713528822
862 3606073802
863 6743781109
864 5338861566
865 789517237
866 1530323374
867 1497309783
868 10955661
869 2189722163
870 1365148687
871 242895369
872 638356126
873 214798949
874 1561827782
875 569231510
876 879115943
877 5028552622
878 1247000082
879 5076011370
880 2257697643
881 4561517154
882 276565413
883 245508892
884 2000323053
885 3042219114
886 2667584445
887 993669168
888 1273279233
889 884085532
890 1982439794
891 3423289717
892 34939003
893 438176573
894 1301208963
895 5809654267
896 1774269676
897 647705991
898 427332043
899 1417350832
900 821810648
901 5866725007
902 1793509731
903 580301160
904 394179727
905 1129165559
906 10941999697
907 193186365
908 1222517078
909 5235959480
910 908602676
911 2770298153
912 1044691740
913 649789358
914 324395092
915 4558399773
916 2087143234
917 3411399347
918 3071311062
919 2002755055
920 441870226
921 1288281305
922 53311206
923 543629992
924 729084865
925 3768422067
926 868360528
927 838926764
928 4551996541
929 1819538843
930 1425202946
931 1896308885
932 12762936822
933 5345387408
934 404333179
935 1721980703
936 1676127815
937 121233078
938 3527873665
939 803839183
940 4996645399
941 395499717
942 3399218522
943 2491674610
944 1552167157
945 4842995624
946 451101209
947 3264377333
948 3308366045
949 2632045322
950 72324720
951 2760549741
952 2168621161
953 6871430122
954 584013085
955 983060327
956 98769549
957 615713127
958 3482614473
959 2029593077
960 519739129
961 3089265989
962 1285508170
963 3559482657
964 4392746287
965 6095560723
966 2354419152
967 13391484424
968 3129801229
969 3090930348
970 2121654215
971 456296790
972 632234410
973 483739541
974 596107075
975 12648126122
976 1171827956
977 1013016026
978 2008237196
979 448654206
980 4142366297
981 928995096
982 580916887
983 1395856364
984 2764500902
985 165030606
986 4151469238
987 81572743
988 996090428
989 663776041
990 870476334
991 1280522653
992 8782150009
993 515520571
994 1984197257
995 2613319303
996 6376078297
997 3397801750
998 3611127363
999 724288648
1000 4321033596
1001 1395424719
1002 1617013374
1003 692958858
1004 4631524166
1005 468420365
1006 4105491238
1007 42472364
1008 5649808250
1009 5684326578
1010 25365521
1011 1176048607
1012 294047389
1013 101479362
1014 150334482
1015 266556536
1016 1076662808
1017 2824435442
1018 2826841478
1019 5588488
1020 579457084
1021 3213998752
1022 365822735
1023 401075717
1024 335041021
1025 632297233
1026 526962314
1027 3255006539
1028 35203276
1029 216840927
1030 1183185007
1031 4608652
1032 917322773
1033 607358905
1034 533073942
1035 2599537533
1036 496999947
1037 24574228
1038 2579741414
1039 1635106513
1040 63705885
1041 929959751
1042 997671606
1043 111744479
1044 722125011
1045 547483225
1046 200991955
1047 559508096
1048 634642735
1049 141269454
1050 491538864
1051 122103306
1052 333600135
1053 1084504609
1054 328383153
1055 617922266
1056 599917058
1057 57832625
1058 34705522
1059 328650027
1060 155353770
1061 1102710823
1062 214074865
1063 211712812
1064 1163100974
1065 28399113
1066 100498709
1067 341124142
1068 51707302
1069 159519796
1070 365838719
1071 257619837
1072 997452914
1073 127949724
1074 726558187
1075 41447204
1076 937291127
1077 196457691
1078 365984771
1079 41271712
1080 705379247
1081 439558614
1082 307076279
1083 17071097
1084 1016252986
1085 347989909
1086 139913903
1087 10634091
1088 251923475
1089 351329195
1090 161288511
1091 790921046
1092 1544670624
1093 309181301
1094 980841549
1095 11691323
1096 4639982727
1097 850950914
1098 238624360
1099 1178633264
1100 3078229360
1101 1833107544
1102 86914677
1103 439261691
1104 3076848969
1105 1297633054
1106 2138913983
1107 1445039309
1108 2757723188
1109 2788206437
1110 717651701
1111 11987478164
1112 7528424836
1113 12079202326
1114 634770809
1115 8942837195
1116 717257459
1117 2280614230
1118 739827892
1119 5793413180
1120 3603188487
1121 1660082570
1122 485036915
1123 20098813886
1124 4518049261
1125 3103186640
1126 2322826024
1127 3635891735
1128 1142554393
1129 2413290151
1130 18185601920
1131 182413128
1132 2096960484
1133 3620902430
1134 1228703582
1135 14927104636
1136 5954035629
1137 8794553189
1138 4665446640
1139 15173331208
1140 4534606570
1141 15155979617
1142 10359429815
1143 8819690493
1144 6711154875
1145 8123680692
1146 3399965523
1147 5065813190
1148 11583346245
1149 326452594
1150 645012548
1151 244464491
1152 3752804277
1153 15938334644
1154 8339101947
1155 749595007
1156 531501170
1157 300903206
1158 1940703763
1159 1128651887
1160 263815595
1161 7471248967
1162 3895482708
1163 588396132
1164 420272508
1165 3196294340
1166 3193381773
1167 6131203026
1168 7202464739
1169 2072704603
1170 435880296
1171 394097638
1172 5353953780
1173 720313267
1174 3731152559
1175 4088502690
1176 2407733337
1177 27927997710
1178 3777091221
1179 20845047769
1180 8867511892
1181 13640411263
1182 20517382804
1183 9243919626
1184 2725604069
1185 13672662978
1186 2286959380
1187 993471219
1188 7950021323
1189 4135210000
1190 1764090938
1191 23642296182
1192 29080504230
1193 7359171113
1194 4891389181
1195 411107978
1196 2430492343
1197 2360246427
1198 6201986445
1199 3708327569
1200 13474550583
1201 17056118
1202 5683965092
1203 1830767553
1204 29206885802
1205 6101291501
1206 9958725445
1207 6755279030
1208 711093782
1209 17277137172
1210 1155545981
1211 16968542036
1212 24446737173
1213 1833484864
1214 13799452821
1215 881227146
1216 3614781269
1217 162723483
1218 14266579192
1219 683927535
1220 3564881076
1221 15376980752
1222 4709540624
1223 6809917181
1224 1365527370
1225 7493762870
1226 51664223056
1227 1927305152
1228 20477332509
1229 23322221354
1230 1293826366
1231 228984091
1232 11140010253
1233 22155824756
1234 9332241157
1235 2918409170
1236 32974946784
1237 15084571357
1238 18357899279
1239 57642900093
1240 2362726441
1241 9066150130
1242 8305431048
1243 24496048131
1244 19512273156
1245 1240866433
1246 1660792291
1247 2842315341
1248 2986399987
1249 92968212
1250 1919330334
1251 2009593141
1252 2299868295
1253 4205880932
1254 903842514
1255 918436828
1256 323204536
1257 40432788
1258 213749861
1259 51245555
1260 550536058
1261 490359913
1262 1639510775
1263 7679128
1264 28949086
1265 3917925736
1266 1351339921
1267 3497895395
1268 338945691
1269 408906959
1270 79968839
1271 4227080316
1272 577511385
1273 3236936308
1274 1626280870
1275 6039081251
1276 622042128
1277 510114649
1278 2234426113
1279 649235554
1280 372420710
1281 5169663060
1282 9651531791
1283 8646821058
1284 727019328
1285 3951884893
1286 1963125717
1287 3588076317
1288 891902696
1289 14652355357
1290 5265949461
1291 4180785143
1292 2629676472
1293 831431069
1294 1104087428
1295 125802037
1296 2191179497
1297 183697583
1298 18736520433
1299 2363458603
